864745
1573642
8581449
8860848
10938785
12312744
17612138
17736586
19051341
19697302
22143892
22228317
23230012
26449023
28278752
30729397
34747311
37537569
43848787
46404696
46850897
47568372
49895640
51233527
54298669
54453600
61621200
68456905
70110145
70441377
72852556
74436464
75055466
76439938
76557957
77099943
77582444
77675242
78127151
78570488
79836593
80893945
81773941
83476400
83699275
85585575
85641878
88974638
91676102
92832622
97464013
98692982
101952408
115139047
116022574
117089140
117851879
121069474
122699283
130714304
130974642
137662811
138551182
146082283
146121906
148896040
157395369
157410951
159653138
160337715
163153453
164185451
164606197
167687491
170375204
171679207
173129446
173556239
175308631
176153059
182319554
183425667
186499667
190857772
191327557
191830986
194381410
199801357
200381746
201043577
201518176
205676313
206173108
207555199
209569780
210499498
211490973
211768031
214209091
216359663
218123033
221275522
222326569
225899816
228242091
230994252
238095989
238756700
238908203
239330986
241200340
241348268
243788939
245937397
249376013
250815742
251579950
252096665
252592189
253792131
255226631
255616818
257047004
261137054
264234398
266933495
268843894
270849488
271473537
277514818
277695979
283089761
285292921
294776623
298307965
301924930
307379354
308448094
312267417
312381378
314903916
315758469
316255806
317653237
319328514
322012722
324350027
324399765
324916561
326854248
329897413
339325829
343692728
344473719
345859545
346047361
346074857
347400739
351151000
352864511
354306839
354548763
354708006
356667757
360227328
361601992
363409611
366307907
369174727
370402687
373728187
374785185
375337152
375381304
379674550
380653333
381091762
382729231
383540957
384090930
385539763
386648006
387016911
388189077
388825374
391185081
394436922
396833913
397951921
399356385
401657518
403778687
404254107
406178511
415292166
417592102
420192344
421321416
425929443
427700007
428884488
433093926
443095683
443163689
443356021
443714733
447139461
450506071
451956464
456874033
458400610
459899292
461880375
462499863
463087945
464179417
466729913
467682963
469169003
471015145
471200934
472621603
479597189
480314743
480636004
482914218
483121011
483556427
490251434
492994703
493740886
499544884
501151457
502921156
506770417
508277003
508689174
508957275
510079891
510860067
511666260
514878375
516089196
517286532
518837729
519189699
521575926
523777103
527315410
531193222
533734030
534049493
540396911
543011670
545949581
546094672
548376436
548668803
549560605
554391051
554509115
555254913
557885715
558262325
560108711
561698093
563263457
564854764
567080781
568348593
570732848
571974673
573257350
573826739
574695395
575530935
576246599
577902950
580552143
581329133
582067974
589486158
591180335
591569581
591630438
594918305
595402924
595665466
597059247
598132455
598357903
607532759
608018870
608286929
609131947
613547119
614345533
615673912
617396589
618244233
619756632
619845504
621279667
624880701
627698734
632585403
632916970
633484642
635972313
637303672
637305923
638962567
639522426
639934748
640692181
641624711
643192397
644410029
654028339
656384600
657938925
658680447
665864154
666872835
671835130
671997167
672324911
673660471
673744076
676101839
676460089
676576269
676742123
680802576
681082667
683002365
683064326
684315029
687238095
688475385
693632668
694705372
695259062
699349573
701137808
701693973
703104484
704028240
704276270
704878092
704916654
705131054
707202910
711244649
715306650
715708246
717050016
717253863
717846163
721082235
724971456
725922279
727448908
728564650
735668080
735915429
737609773
740133576
740843422
741585981
743495466
743702886
743955813
748127732
748334422
753687285
754501106
754549545
758151607
765125820
765608253
767236600
772806193
773100332
774884029
775684793
784281697
784817470
790757159
791598746
794606200
796199862
797349567
798691029
802228233
802400280
804778164
804890936
806433919
807038764
808812401
809692614
812588336
813302120
813768584
819023356
822027624
822144190
824715744
824842739
825710177
829551916
830577855
830911552
835470438
836229408
836379304
850960375
853974721
856453514
859369930
859932243
866029141
867334369
867444157
867975938
870929000
874219262
874970038
877743493
877792029
878914723
879671128
881705444
881918339
886097858
886451704
887722187
890206928
890661640
890689919
894252316
896698598
898960726
903096082
903273282
906457211
910664196
914455514
914573706
914781241
914798668
915464047
916535893
917746714
917988057
918926915
920582027
924300182
926838098
927255343
928534745
929693574
929858176
930871266
930971010
933218975
933405036
941794275
942286131
943042241
946812948
948248848
949693146
949780538
950964931
951071968
952795112
957287447
959024549
960503020
968508579
968683250
969146681
972640406
976998036
982928663
983736471
983793408
985374920
990038664
991138906
992672904
993556692
994535010
994734623
997319067
998812351
998907916
1000066676
1002121282
1002511329
1005174737
1007690587
1009918574
1016811229
1021175276
1023600281
1025536615
1028592842
1028759392
1030108461
1033066133
1035997454
1037696760
1037963640
1043888366
1046178352
1049541476
1051245274
1059995424
1060251639
1060298203
1061469705
1062780609
1066419481
1070176821
1071581875
1074612011
1078282746
1078856188
1080215959
1080276484
1082016154
1083164678
1084963186
1088517397
1088692797
1089464528
1090448671
1091620131
1094592038
1095673348
1097870321
1103603789
1106793422
1111116476
1117509149
1120369187
1120786909
1122816874
1137504897
1138601703
1140772129
1141047189
1143874559
1145686187
1146412391
1146832380
1146898113
1146970585
1148985166
1152341711
1155905162
1156221921
1156249344
1157422167
1158132520
1166558792
1166819948
1167548614
1171387424
1174866068
1175205942
1178107829
1179398086
1181331811
1181823949
1183787391
1185615714
1188028701
1192421845
1192859675
1193263288
1194099262
1194419636
1194527704
1195993278
1197818650
1199350391
1200682693
1201710160
1204990685
1206298599
1210851050
1212066143
1212307737
1213925245
1218519243
1224087686
1224602533
1226344246
1226346539
1226722675
1228442491
1228763028
1232221977
1234471893
1234826824
1240898567
1243465607
1245397926
1247898023
1249416446
1255720462
1255730167
1256584472
1263213195
1265268851
1267775036
1271943065
1274297878
1275193538
1277162288
1277229496
1279035719
1280226370
1281153433
1285105860
1286596120
1288006005
1289369596
1290005115
1290094948
1293661332
1295459808
1297963948
1312829795
1314260145
1316622018
1317724183
1320502326
1321690643
1321843788
1323515272
1325082028
1327985186
1329427236
1335518781
1342163392
1344795621
1346498910
1347301816
1347649112
1348949649
1349886642
1354525784
1354944996
1357658936
1359550728
1360808270
1361935279
1362376026
1371346741
1377058290
1379561249
1380770363
1381121503
1381463073
1381874944
1384802921
1389151305
1397315510
1397942410
1399867102
1402707069
1402943914
1412310924
1414878108
1417363358
1421101766
1426121774
1426152717
1426239966
1427191603
1427677223
1435632943
1438778082
1442537395
1445745053
1456892866
1457417593
1462549779
1463688049
1475171015
1480599371
1483385351
1484887232
1487473359
1487499768
1489169712
1489274035
1489441569
1489832530
1492181533
1492835669
1492997426
1493465942
1496008492
1499479058
1499918324
1503224185
1504697186
1504747829
1505681938
1506219845
1510451426
1511664103
1511946071
1515750313
1516409585
1517147165
1517287329
1518149647
1520643910
1521528417
1523671023
1526454128
1526707266
1530830520
1534111833
1537831879
1539601331
1539990354
1541246174
1542040640
1548746317
1548751006
1555204782
1556801369
1556950624
1557989819
1559251860
1568732395
1569886804
1571738609
1572534055
1572941369
1573040262
1574818435
1574904550
1578777264
1580015405
1583472840
1585072593
1588903611
1589521538
1589726326
1590876287
1595557729
1596142720
1600892317
1606318265
1606812818
1606963051
1607334519
1608158401
1610255621
1611356319
1613562293
1619125866
1621078317
1623533980
1624169613
1625589874
1633486245
1635849102
1635864660
1637759727
1638113104
1643678512
1644055571
1645667901
1648973993
1649779285
1650830112
1652214692
1653091419
1658065091
1662176808
1662348055
1664995463
1665889577
1667388919
1669137938
1669819322
1671956715
1672135883
1674454644
1674980781
1681629006
1681804888
1682216512
1684939969
1685100254
1687431461
1689867728
1690662327
1694293780
1696165805
1699184211
1700917753
1702104468
1702838923
1705122484
1706919948
1708307666
1713798599
1715323996
1715630644
1716596220
1720778456
1721936303
1722078194
1722949855
1726883990
1727439357
1728066639
1732358738
1732776860
1735843246
1738230089
1741515343
1741609830
1741888078
1744029832
1744444415
1746632274
1750691318
1753661950
1754265907
1755414588
1760143714
1762368908
1764403269
1765281185
1766663343
1767087722
1767836950
1774188809
1774415843
1775930365
1779265341
1789360082
1793586148
1797275000
1801045328
1801815134
1802238098
1802334910
1805697844
1805836687
1812405874
1824702149
1825166041
1828970876
1830884914
1831337192
1834282607
1834560073
1839156681
1842274319
1842402341
1845114560
1848389914
1851069288
1852466629
1852679644
1859373169
1859944696
1864499070
1866404243
1868819761
1875268330
1876298734
1877686540
1882151560
1885495008
1885930764
1888687488
1899568160
1899718501
1903747349
1908860602
1913981078
1914400909
1917455202
1917473957
1919428949
1921642099
1924048261
1932586427
1935120772
1936202765
1937566316
1937940911
1937962059
1940175285
1941012672
1942468456
1946237308
1948347808
1949341420
1952686960
1953866829
1972391290
1975266089
1977183527
1977561850
1977915403
1984955036
1988010426
1988435435
1992721988
1997285954
1997856106
1997897345
2001146889
2001704552
2002139702
2004048087
2005153500
2009366846
2013449451
2015219012
2016393732
2018195400
2021117375
2021810143
2021997537
2022757737
2023622483
2025369714
2027772001
2028150441
2028472723
2028902307
2029938991
2032156428
2034863593
2035536242
2035747572
2036278077
2036910537
2038768017
2040236387
2045211090
2048109235
2049283655
2055678931
2058086924
2059475235
2064733313
2064791629
2070497682
2072931188
2073982546
2076309814
2076722136
2078800019
2089689965
2092054910
2096112957
2096663836
2097273455
2099721574
2100472291
2103353493
2103890256
2106055168
2106471775
2108807228
2109793115
2111642526
2112061938
2113391696
2113601082
2114497952
2117384316
2117851893
2120694065
2123332226
2129087490
2133940457
2135128155
2137446159
2143924077
2145469067
2146142186
2147071326
